STAID,CDL_CORN,CDL_COTTON,CDL_RICE,CDL_SORGHUM,CDL_SOYBEANS,CDL_SUNFLOWERS,CDL_PEANUTS,CDL_BARLEY,CDL_DURUM_WHEAT,CDL_SPRING_WHEAT,CDL_WINTER_WHEAT,CDL_WWHT_SOY_DBL_CROP,CDL_OATS,CDL_ALFALFA,CDL_OTHER_HAYS,CDL_DRY_BEANS,CDL_POTATOES,CDL_FALLOW_IDLE,CDL_PASTURE_GRASS,CDL_ORANGES,CDL_OTHER_CROPS,CDL_ALL_OTHER_LAND
03144816,9.155574,0,0,0,19.47038,0,0,0,0,0,0.5639923,0.2909248,0,0.01041674,0.3474728,0,0,0.02008943,0.1904776,0,0,69.950666141
03145000,15.44,0,0,0,16.50626,0,0,0,0,0,0.9033833,0.4607983,0,0.02185605,0.2721598,0,0,0.01066783,0.1938423,0,0.005984394,66.185054022
03156000,8.746591,0,0,0,14.76534,0,0,0,0,0,1.374414,0.8148563,0.04196684,0.1189061,1.070155,0,0,0.0279779,0.545569,0,0,72.49423475
03157000,13.14396,0,0,0,14.79944,0,0,0,0,0,2.313346,0.5984892,0,0.0338174,0.5131593,0,0,0.01336967,0.3149736,0,0.002359353,68.267099877
03157500,8.596204,0,0,0,8.735568,0,0,0,0,0,1.026096,0.2638878,0.00346527,0.03932328,0.5068334,0,0,0.01310776,0.1859946,0,0.0146143978,80.6149077892
03219500,22.61501,0,0,0.0002449799,36.32752,0,0,0,0,0,4.526248,0.1425171,0.009921686,0.1393936,0.5434267,0.001714859,0.0001224899,0.004164658,3.743354,0,0.17816161877,31.768201376
03220000,13.79024,0,0,0,28.17509,0,0,0,0,0,3.466378,0.1363814,0,0.04267983,0.5431978,0,0,0.01978792,2.817451,0,0.0038799838,51.0049085043
03221000,20.37666,0,0,0.0007767569,35.37739,0,0,0,0,0,4.254862,0.159906,0.005825676,0.1027791,0.5170023,0.001200442,7.061426e-05,0.007591033,2.958067,0,0.1088871988,36.1289713844
03223000,21.13449,0,0,0,33.31621,0,0,0,0,0,4.982415,0.5607001,0,0.03995592,0.3852892,0,0,0.005707988,0.4032913,0,0.002634456,39.16931231
03224500,15.45439,0,0,0,24.10418,0,0,0,0,0,5.065074,0.1824046,0.01760663,0.08415967,0.8053271,0,0,0.02253648,0.5965125,0,0.00140853,53.666401909
03225500,18.23962,0,0,0,31.55174,0,0,0,0,0,5.588486,0.2974806,0.004590205,0.06346841,0.5083652,0,0.0003530927,0.00918041,0.5126906,0,0.0758266564,43.148198963
03226800,16.49487,0,0,0,28.34262,0,0,0,0,0,4.935984,0.2422651,0.005069191,0.05414177,0.459677,0,0.0002816217,0.009152706,0.5789438,0,0.0751225854,48.801871117
03227500,17.51348,0,0,0.0005136596,30.44533,0,0,8.560994e-05,0,0,4.119058,0.1725254,0.005008181,0.07786223,0.4585054,0.0007704894,0.0001284149,0.008560994,2.013567,0,0.09066092614,45.093943439
03228500,12.04945,0,0,0,19.7609,0,0,0,0,0,2.909714,0.04160923,0,0.09091709,0.2918145,0,0,0.01026483,0.3953794,0,0.0120978383,64.4378485003
03228805,12.3912,0,0,0,24.31927,0,0,0.00165898,0,0,3.285887,0.2242388,0,0.01410133,0.3116117,0,0,0.005529934,0.3458973,0,0.0005529933,59.100054477
03229000,8.048115,0,0,0,15.87942,0,0,0.001075113,0,0,2.245015,0.1467529,0,0.009855201,0.212514,0,0,0.005017193,0.2628651,0,0.0003583709,73.189021596
03229500,7.947674,0,0,0,13.83414,0,0,0.000379213,0,0,1.922294,0.1008075,0.0002528087,0.03570923,0.2015517,0,0,0.03615164,0.3346555,0,0.0048033657,75.5815884888
03229610,14.83885,0,0,0.0003674078,25.58071,0,0,0.0001530866,0,0,3.49316,0.1724367,0.003643461,0.06467908,0.3870794,0.0005511117,9.185195e-05,0.0178499,1.538291,0,0.0660874766,53.836051125
03229796,16.3572,0,0,0,22.0706,0,0,0.006002408,0,0,2.251542,0.6667782,0.002043373,0.07509396,0.4308963,0,0,0.1844144,0.6214409,0,0.0075349386,57.326451917
03230450,12.48759,0,0,0,27.29027,0,0,0,0,0,2.509024,0.1076356,0,0.007423147,0.3145559,0,0,0.003711574,1.652578,0,0.051962027,55.575249517
03230500,22.85689,0,0,0,32.66443,0,0,0,0,0,3.165582,0.3989741,0.0005229018,0.0934687,0.4310018,0.0007843527,0.0002614509,0.01764794,1.567464,0,0.0534667137,38.7495005217
03230800,27.14614,0,0,0,37.51751,0,0,0,0,0,2.760814,0.221386,0,0.02589399,0.7984736,0,0,0.004542805,2.279731,0,0.0218054606,29.2237123393
03230900,26.06214,0,0,0,37.60244,0,0,0,0,0,2.670946,0.2119402,0,0.03926207,0.7294743,0,0,0.004751461,2.220433,0,0.0187557638,30.4398583308
03231000,26.07378,0,0,0,37.91107,0,0,0,0,0,3.07648,0.5360565,0,0.0487419,0.6563978,0,0,0.005218619,2.184514,0,0.0160733445,29.491668514
03231500,17.63109,0,0,0.0002166272,27.5974,0,0,0.0005505941,0,0,3.364148,0.42551,0.002419004,0.07331928,0.4242643,0.0004332544,9.026132e-05,0.04125845,1.693988,0,0.0485876771,48.696724595
03232000,32.5574,0,0,0,39.50964,0,0,0,0,0,2.194887,0.7692543,0,0.2029261,0.6760029,0,0,0.007237421,0.8485876,0,0.007515783,23.226553123
03232470,27.34278,0,0,0,37.55691,0,0,0,0,0,1.97233,0.7396389,0.0004882911,0.1431914,0.7177269,0,0,0.005127057,0.9246402,0,0.0064698565,30.590708833
03232500,4.131257,0,0,0,9.475082,0,0,0.001982131,0,0,0.5958782,0.1451911,0.007928524,0.06739245,1.666724,0,0,0.009167356,3.180577,0,0.025272176,80.69355229
03234000,20.94685,0,0,0,29.45012,0,0,0.0003444207,0,0,1.600566,0.5533118,0.003530312,0.1149504,0.8969145,0,0,0.005295468,1.547181,0,0.0089549373,44.871985706
03234300,19.6305,0,0,0,27.13455,0,0,0.0002445272,0,0,1.852477,0.5857345,0.002506404,0.09350111,0.8249432,0,0,0.0107592,1.850949,0,0.0068467631,48.0069881191
03234500,17.7166,0,0,0.0001625989,26.88525,0,0,0.0004674718,0,0,2.945472,0.4710558,0.002357684,0.07603531,0.5041582,0.0003251978,6.774954e-05,0.03465389,1.70092,0,0.04185565855,49.620620728
03237020,16.08124,0,0,0.0001448781,24.30676,0,0,0.0004165245,0,0,2.65675,0.4424999,0.002124879,0.06857563,0.4808021,0.0002897562,6.036587e-05,0.03332196,1.588298,0,0.03739061911,54.301321472
03240000,30.14494,0,0,0,30.13005,0,0,0,0,0,1.030247,0.03682354,0,0.04332181,0.7286187,0.007310555,0,0.002978374,0.2588478,0,0,37.616865055
03244000,16.6745,0,0,0,27.95179,0,0,0,0,0,0.8217212,1.111985,0.001598368,0.04203709,0.3465263,0.0003196737,0,0.00351641,0.2865874,0,0.0115082528,52.74791685
03244936,3.603427,0,0,0,13.04042,0,0,0,0,0,0.219753,0.3553869,0,0.02217093,0.1891049,0,0,0,0.1493277,0,0,82.420418364
03245500,15.02782,0,0,0.000115587,21.33167,0,0,0,0,0,0.7746354,0.4424671,0.002340637,0.04921118,0.3501131,0.005577074,0.0002311741,0.003149746,0.2270129,0,0.0081488852,61.777516954
03247050,8.304526,0,0,0,30.83548,0,0,0.001188937,0,0,0.5219433,0.6955281,0.0003963123,0.006440075,0.3675797,0,0,0.003764967,0.3831349,0,0.0009907808,58.879026935
03247500,7.264016,0,0,0,26.33146,0,0,0.0008756574,0,0,0.4433745,0.6169006,0.0002918858,0.004962058,0.3439144,0.0002918858,0,0.003648572,0.3243581,0,0.0008756574,64.6650392974
03255500,0.6321552,0,0,0,0.7922001,0,0,0,0,0,0.04056849,0.01961553,0.0008916152,0.008916153,0.02585684,0.00178323,0,0.00178323,0.02050715,0,0,98.455709771
03259000,0.4149076,0,0,0,0.5197234,0,0,0,0,0,0.02584099,0.01277532,0.0005806965,0.005806965,0.0156788,0.001161393,0,0.001161393,0.01277532,0,0,98.98957783
03260700,15.90582,0,0,0,18.00438,0,0,0,0,0,2.316822,0.02704086,0,0.0579447,0.5021874,0.00772596,0,0.00772596,1.716129,0,0,61.45421709
03260706,16.62548,0,0,0,19.01801,0,0,0,0,0,2.435319,0.02444924,0,0.07771365,0.523039,0.006985496,0,0.01397099,1.565624,0,0,59.709408898
03261500,22.27697,0,0,0.0002565326,32.40943,0,0,0,0,0,3.984464,0.06394075,0.001410929,0.2651906,0.4341814,0.003976255,0.0001282663,0.002950125,1.334739,0,0.0162256878,39.206133502
03261950,26.51051,0,0,0.02782561,30.17984,0,0,0,0,0,6.360433,0.02508867,0.1167763,2.140291,0.3797512,0,0,0.001368473,0.2666241,0,0.0330714231,33.9584174751
03262000,22.45175,0,0,0.0164621,29.93971,0,0,0,0,0,5.922445,0.02604251,0.07124583,1.589808,0.4265305,0,0,0.001349353,0.9360461,0,0.0240184801,38.5945998881
03262700,22.68141,0,0,0.004692143,31.36987,0,0,0,0,0,4.301531,0.1027392,0.02143371,0.6070882,0.3887346,0.002327303,7.507428e-05,0.002252229,1.097286,0,0.0164037268,39.4041674046
03263000,22.94888,0,0,0.003781502,30.64245,0,0,0,0,0,3.994446,0.1606684,0.0172739,0.5186405,0.3993266,0.001875625,6.050403e-05,0.0075025,0.9728443,0,0.0163663349,40.3158869802
03264000,26.08072,0,0,0,34.08003,0.01045002,0,0,0,0,4.032986,0.01171123,0.007747427,0.3801644,0.1048605,0,0,0.001441382,0.5897053,0,0.0801768636,34.620004517
03265000,27.66269,0,0,0.000345864,35.53061,0.00470375,0,0.0001383456,0,0,4.693928,0.07097129,0.01791575,0.7151775,0.1635245,0,0.0002766912,0.002351875,0.5289644,0,0.0512570484,30.5571516915
03266000,27.42604,0,0,0.0005924308,34.38942,0.003662299,0,0.0001077147,0,0,4.013772,0.07448471,0.01928093,0.5775123,0.2071353,0,0.0002154294,0.004200873,0.4972649,0,0.039639002,32.7466693848
03266560,13.05748,0,0,0,12.95848,0,0,0,0,0,0.6968474,0.00768935,0,0.04229143,0.7141484,0,0,0.003844675,1.015955,0,0,71.503260348
03267000,26.43863,0,0,0,24.75901,0,0,0,0,0,1.294547,0.04466165,0.001709537,0.09039176,0.8344677,0.00512861,0.003419074,0.001282153,0.7421527,0,0.0025643054,45.782029923
03267900,24.56364,0,0,0.0002243204,24.41716,0,0,0,0,0,1.445184,0.08254989,0.001345922,0.08254989,0.6516507,0.01626323,0.001794563,0.0008972815,0.6305646,0,0.0680812311,48.038089067
03269500,22.43251,0,0,0.0001422277,23.41914,0,0,0,0,0,1.259782,0.07566513,0.0008533661,0.07701629,0.6704613,0.134334,0.107453,0.003200123,0.5620127,0,0.0768029534,51.1806275938
03270000,20.86299,0,0,0.0002195625,22.13014,0,0,0,0,0,1.367764,0.09029506,0.0009880312,0.07075401,0.5734972,0.1045666,0.0825006,0.003073875,0.6137869,0,0.0624106325,54.0370158362
03270500,22.90544,0,0,0.001901317,28.55919,0.0008604499,0,2.775645e-05,0,0,3.226299,0.1170489,0.01301777,0.4035926,0.3847876,0.02749276,0.02123368,0.005273725,0.7414441,0,0.0335020326,43.558884128
03271000,12.57623,0,0,0,14.3182,0,0,0,0,0,0.7287813,0.0179946,0.0039988,0.0559832,0.3413976,0,0,0.0129961,0.3343997,0,0.0029991,71.60701475
03271300,0.2374844,0,0,0,2.2379,0,0,0,0,0,0.003466926,0,0,0,0.006933851,0,0,0,0.01213424,0,0,97.502083592
03271500,21.93714,0,0,0.00175945,27.32253,0.0007962473,0,2.56854e-05,0,0,3.035693,0.1133882,0.01214919,0.3778065,0.3721942,0.02577529,0.01964933,0.005201293,0.7007361,0,0.0312848138,46.043864601
03271601,21.90209,0,0,0.001756573,27.27906,0.0007949454,0,2.56434e-05,0,0,3.03087,0.1132925,0.01212933,0.3771888,0.3716882,0.02578444,0.0196172,0.005192788,0.699693,0,0.0312336588,46.129577029
03271800,28.50599,0,0,0,34.15479,0,0,0.000689383,0,0,2.299265,0.03033285,0.005515064,0.1663136,0.3612367,0,0,0.003274569,0.227324,0,0.012064202,34.233213123
03272000,26.4686,0,0,0,31.46017,0,0,0.000499344,0,0,2.079893,0.1455588,0.004494096,0.1327007,0.345546,0,0,0.002371884,0.2150924,0,0.011734584,39.133337101
03274000,20.76732,0,0,0.001311196,25.62394,0.0005933879,0,5.742464e-05,0,0,2.550745,0.1243339,0.009618627,0.3022833,0.329024,0.01928511,0.01466242,0.00445998,0.5578133,0,0.0473657502,49.647190465
03274650,25.41576,0,0,0,32.60541,0,0,0,0,0,0.1007895,0,0,0.3863598,0.2150176,0,0,0,0.4065177,0,0.4098774,40.46027071
03274750,22.15209,0,0,0,20.85571,0,0,0,0,0,0.7576867,0.007611999,0,0.2769597,0.4830692,0,0,0.01756615,0.7155279,0,0.073777837,54.660011348
03274950,26.74771,0,0,0,21.85488,0,0,0,0,0,0.2423692,0,0,0.007574036,0.3976369,0,0,0,0.7422556,0,0,50.00757536
03275000,26.43967,0,0,0.0006574726,26.9066,0,0,0,0,0,1.272998,0.08218407,0.0009204616,0.2289977,0.5244659,0.000525978,0,0.01801475,0.4641756,0,0.03215041,44.028632859
03275500,20.33412,0,0,0,22.96702,0,0,0,0,0,1.511487,0.001148983,0.007755634,0.3303326,0.1663153,0.00402144,0,0.01235157,0.5339898,0,0.04883177,54.082629073
03275600,19.41093,0,0,0,21.25866,0,0,0,0,0,1.355047,0.002767874,0.004843779,0.3314529,0.2357883,0.00242189,0,0.008303622,0.4051476,0,0.0330415,56.951596699
03276000,20.39261,0,0,0,20.75282,0,0,0,0,0,0.8922678,0.03947604,0.002552723,0.2305656,0.3728799,0.001641036,0,0.006017132,0.2727767,0,0.018233737,57.018172748
03276500,20.2856,0,0,0.0004538406,20.42249,0,0,0,0,0,0.9247286,0.09768919,0.001219697,0.1914073,0.4797662,0.001333157,0,0.009190272,0.3221134,0,0.0218410807,57.242173527
03277000,11.61604,0,0,0,12.49685,0,0,0.000560667,0,0,0.2855197,0.522822,0.007989504,0.08998705,0.4080254,0.002242668,0,0.005326336,0.1126941,0,0.0178011765,74.434145854
03294000,3.307699,0,0,0,4.361094,0,0,0,0,0,0.02207217,0.2043515,0,0.008277064,0.4403398,0,0,0.006805587,0.1695879,0,0.0088288691,91.4709411182
03322500,27.7641,0,0,0.001352329,24.47885,0.001803105,0,0,0,0,5.68305,0.009240915,0.06908148,2.41402,0.1814375,0.003493517,0,0.007550504,0.2675358,0,0.047218821,39.0712659589
03322900,26.52603,0,0,0.003339723,27.87006,0.001113241,0,0,0,0,5.550758,0.00911466,0.04529499,1.700058,0.2650905,0.004174653,0.0002783102,0.01370678,0.4878778,0,0.0674902375,37.4556141773
03322985,27.01723,0,0,0.004010201,28.76981,0.001127869,0,0,0,0,5.46722,0.00927359,0.04097924,1.617489,0.2720044,0.00513807,0.0002506376,0.01284518,0.459168,0,0.0699905387,36.2534697479
03323000,26.94271,0,0,0.006004574,29.06712,0.001080823,0,0,0,0,5.352177,0.009247044,0.03926992,1.570136,0.2666631,0.005163934,0.000240183,0.01230938,0.4618719,0,0.1122254925,36.1537828034
03323500,27.20964,0,0,0.004755894,31.55717,0.0007247076,0,0,0,0,4.811832,0.01734769,0.03007537,1.301847,0.2293247,0.004257657,0.0001811769,0.01145944,0.4303404,0,0.1395062133,34.251537404
03324000,21.93187,0,0,0.0005273351,29.94604,0,0,0,0,0,3.75779,0.01265604,0.002900343,0.4102667,0.1839081,0.0005273351,0,0.01107404,1.071809,0,0.1446216342,42.526008401
03324200,25.36655,0,0,0,32.60172,0,0,0,0,0,5.160408,0.006469718,0.003234859,0.1415251,0.1597212,0.2507015,0,0.02911373,0.8616855,0,0.49452907,34.92434966
03324500,25.16718,0,0,0,39.33599,0,0,0,0,0,3.137463,0.03042381,0.00562247,0.1714853,0.1514943,0.04123145,0,0.0155555,0.5408816,0,0.417249734,30.985429539
03325000,25.07906,0,0,0.002146127,33.33887,0.0003065895,0,0,0,0,3.823766,0.01841453,0.01508037,0.7362173,0.1880927,0.01485043,7.664738e-05,0.01479294,0.7859039,0,0.2226223592,35.7597970066
03325500,33.6428,0,0,0,37.15433,0,0,0,0,0,4.307518,0.007819057,0.004170164,0.229359,0.1222379,0.005212704,0,0.002606352,0.4305694,0,0.177753192,23.915627368
03326070,20.01786,0,0,0,45.44989,0,0,0,0,0,2.735664,0.1167153,0.3489549,0.01905556,0.05002084,0,0,0,0.345382,0,0.002381945,30.91407692
03326500,27.62516,0,0,0,35.61166,0,0,0,0,0,2.632873,0.01678253,0.02720803,0.1585694,0.1278015,0.002135958,0,0.007831845,0.5216314,0,0.2628245137,33.005525888
03327000,26.24876,0,0,0,34.80127,0,0,0,0,0,2.579833,0.02038834,0.02283494,0.1613469,0.1240899,0.001802758,0,0.008284104,0.5994601,0,0.24229935824,35.1896289
03327500,25.40482,0,0,0.001423886,33.6307,0.0002034123,0,0,0,0,3.372512,0.01978184,0.0167688,0.549709,0.1659717,0.01038674,5.085307e-05,0.01237001,0.7210711,0,0.2289914464,35.8652328394
03328000,24.79949,0,0,0,27.12919,0,0,0,0,0,3.27562,0.001656906,0.01325525,0.3997286,0.2008999,0.001159834,0,0.003728039,2.104685,0,0.0056334812,42.06495228
03328430,32.47663,0,0,0,28.90685,0,0,0,0,0,3.991114,0.1991727,0,1.003524,0.2949288,0,0,0,0.9307492,0,0.11107707,32.08595122
03328500,27.77957,0,0,0,27.83478,0,0,0,0,0,3.073052,0.02131068,0.007925458,0.5399879,0.2310711,0.00132091,0,0.003478396,1.671919,0,0.16819585,38.6673788323
03329000,26.23471,0,0,0.001016983,32.59245,0.0001452833,0,0,0,0,3.150704,0.02379922,0.01370203,0.519406,0.1747122,0.007745416,3.632082e-05,0.009906504,0.8876265,0,0.21754354871,36.1664969835
03329400,40.10141,0,0,0,39.19899,0,0,0,0,0,2.963066,1.995534,0,0.08372872,0.1116383,0,0,0,0.1860638,0,0.1069867,15.25258226
03329500,27.18908,0,0,0.000927853,32.20525,0.0001349604,0,0,0,0,3.01408,0.02745601,0.01271159,0.5008213,0.1744532,0.007169773,3.374011e-05,0.009995507,0.8561553,0,0.22583097361,35.7758960504
03329700,40.41125,0,0,0,36.69683,0,0,0,0,0,1.695343,0.04702281,0.001764931,0.2631008,0.0911461,0.000252133,0,0.004790528,0.1619955,0,0.1710722933,20.455428028
03330241,18.29854,0,0,0,19.44026,0,0,0,0,0,2.636803,0,0.002111695,0.2104656,0.1689356,0,0,0.008446778,1.803387,0,0.022524743,57.408530872
03330500,20.15503,0,0,0,17.96746,0,0,0,0,0,1.9033,0,0.006753645,0.190944,0.190023,0,0,0.006139677,2.179893,0,0.009823485,57.3906311878
03331110,21.92592,0,0,0,18.43747,0,0,0,0,0,1.017977,0,0,0.7341346,0.7428952,0.007008445,0,0,2.905,0,0.010512667,54.21908414
03331500,28.78684,0,0,0,22.65189,0,0,0,0,0,1.062684,0.009251666,0.00499103,0.4403468,0.5128994,0.004544678,0.04199769,0.0167585,1.421835,0,0.1339056949,44.91205273496
03331753,29.21894,0,0,0,22.04463,0,0,0,0,0,0.9980155,0.008703731,0.005347631,0.4191436,0.4828358,0.004204344,0.0417484,0.01840323,1.386475,0,0.2108811106,45.1606768213
03332500,35.11921,0,0,0.000682421,25.96383,0,0,0,0,0,0.8268332,0.01224343,0.003713173,0.2780464,0.2965721,0.002448687,0.0227206,0.0170806,0.9416807,0,1.38692011894,35.1280174872
03333000,35.93079,0,0,0.0006338984,25.89313,0,0,0,0,0,0.8213086,0.01232373,0.003449153,0.2636644,0.2780017,0.002274576,0.02110509,0.01608983,0.8857424,0,1.52141170234,34.3500736444
03333050,35.90829,0,0,0.0006322222,25.85274,0,0,0,0,0,0.8191369,0.01229114,0.003440033,0.2639714,0.277341,0.002268562,0.02104928,0.01608448,0.8841442,0,1.51761207896,34.4210058186
03333450,36.07796,0,0,0,48.92358,0,0,0,0,0,0.6395316,0.03065446,0,0.04867273,0.03276049,0,0,0.001872028,0.07441312,0,0.15303834,14.0175126482
03333600,37.91302,0,0,0,38.46399,0,0,0,0,0,1.587605,0.07324957,0,0.03503241,0.06688005,0,0,0,0.1019125,0,0.151276328,21.607031978
03333700,32.9098,0,0,0,42.41228,0,0,0,0,0,0.80863,0.03156684,0,0.07999816,0.04439537,0,0,0.008936731,0.1216549,0,0.1317446933,23.450992134
03334000,32.28312,0,0,0,37.33249,0,0,0,0,0,0.8704907,0.03620819,0.0005273038,0.177262,0.0641553,0.0003515359,0,0.007382253,0.174977,0,0.1256740635,28.927358025
03334500,36.08181,0,0,0,35.48631,0,0,0,0,0,0.8198639,0.2009596,0.0008509226,0.1049471,0.08381588,0.001134563,0,0.002836409,0.208476,0,0.0289313717,26.9800606259
03335000,34.39549,0,0,0,35.56779,0,0,0,0,0,0.9297828,0.09368243,0.001443287,0.1373747,0.07023995,0.0005248315,0,0.005029636,0.1938815,0,0.1391678296,28.46559404392
03335500,31.06382,0,0,0.0006936172,30.84716,8.551445e-05,0,0,0,0,2.104012,0.03202041,0.008351911,0.3771282,0.1834522,0.00473655,0.005396912,0.01056578,0.7404743,0,0.582728690145,34.0393856833
03335690,50.99532,0,0,0,35.27768,0,0,0,0,0,0.3988391,0,0,0.01246372,0.01246372,0,0,0,0.09970977,0,0.007122127,13.196410423
03336000,31.65738,0,0,0.0006641911,30.85279,7.566734e-05,0,0,0,0,1.929677,0.03176767,0.007524697,0.3482337,0.1795922,0.005893645,0.004783858,0.009748476,0.6761255,0,0.523786173323,33.7719545385
03336645,44.58742,0,0,0.0009641009,35.00506,0,0,0,0,0,0.86279,0.02088885,0.004740163,0.01446151,0.05704264,0,0,0,0.4587514,0,0.00425811214,18.9836289819
03336900,46.41496,0,0,0,38.57702,0,0,0,0,0,0.6617403,0.1148892,0,0.004245327,0.02228797,0,0.04404527,0,0.1472598,0,0,14.013558437
03337000,0.1230416,0,0,0,0.09023049,0,0,0,0,0,0,0,0,0,0,0,0,0,0,0,0,99.786738
03337100,0.1108811,0,0,0,0.08131284,0,0,0,0,0,0,0,0,0,0,0,0,0,0,0,0,99.80780266
03339000,44.2522,0,0,0.002047042,33.87122,0,0,0,0,0,0.5370523,0.0413718,0.009238624,0.02833537,0.03908234,0,0.004471171,0.0002693477,0.3122547,0,0.00309749763,20.899358161
03339108,35.34407,0,0,0,37.62228,0,0,0,0,0,0.7150012,0.03409842,0,0.105492,0.07032798,0,0,0,0.1726232,0,0.01491806,25.921193334
03339280,32.86648,0,0,0,27.88424,0,0,0,0,0,0.05627286,0,0,0.1531872,0.1281771,0.00208418,0,0.00416836,0.358479,0,0.20737592,38.3395302
03339500,38.76023,0,0,0,37.73805,0,0,0,0,0,0.7112318,0.104081,0.0002719296,0.2617322,0.112171,0.001155701,0,0.001631577,0.2420853,0,0.0895328208,21.9778257096
03340000,36.57893,0,0,0,34.91802,0,0,0,0,0,0.6508722,0.08845598,0.0002073997,0.2265842,0.102974,0.001296248,0,0.001711048,0.2260657,0,0.0732120951,27.131667317
03340500,33.54823,0,0,0.000896369,31.25778,5.602306e-05,0,0,0,0,1.554783,0.03765061,0.006809914,0.2811082,0.1524481,0.004441384,0.004071009,0.008020635,0.5616374,0,0.39354953662,32.18851115937
03340900,31.82112,0,0,0,29.73507,0,0,0.0006269121,0,0,0.322703,0.1734979,0.0003134561,0.2590714,0.2100156,0,0,0.001253824,0.1430927,0,0.0623777553,37.270868931
03341300,26.90651,0,0,0.0007759493,24.82805,0,0,0.0006207594,0,0,0.3994587,0.1185651,0.0001551899,0.1700105,0.2102823,0,0,0.002327848,0.1033564,0,0.0361592351,47.2237346
03341500,33.05086,0,0,0.001942193,30.64304,5.081318e-05,0,2.258364e-05,0,0,1.442332,0.04109093,0.006193562,0.2670459,0.171486,0.004028356,0.003698071,0.01032919,0.5196213,0,0.36095713167,33.47730129568
03342000,32.2316,0,0,0.002385955,30.09738,0.0005550568,0,2.104481e-05,0,0,1.353876,0.08573654,0.005771538,0.2498019,0.165691,0.003753867,0.003593401,0.0151812,0.5266121,0,0.336856311162,34.92118677983
03343000,31.85088,0,0,0.005858406,29.84015,0.0005330417,0,2.021011e-05,0,0,1.305376,0.1715434,0.005557781,0.2415235,0.1679309,0.003604979,0.005209156,0.01610746,0.5302805,0,0.336839405558,35.51858322671
03343400,45.93035,0,0,0.001482198,36.21714,0,0,0,0,0,0.3207106,0.05873209,0,0.06762528,0.09819561,0,0,0,0.1906477,0,0.0037054948,17.1114181889
03345500,35.10913,0,0,0.001323336,33.45625,0.000319426,0,0,0,0,0.2288231,0.3297389,0,0.03230766,0.06970331,0,0.0004106906,0.001232072,0.6943637,0,0.0042894343,30.0721079382
03347000,26.57383,0,0,0,34.01993,0,0,0,0,0,1.789125,0.03946494,0.006027373,0.1445134,0.2212907,0.008610533,0,0.01348983,0.3422687,0,0.1963201055,36.645133297
03347500,23.71191,0,0,0,20.14628,0,0,0,0,0,2.265339,0.3829744,0.008126778,0.332182,0.3108492,0,0,0.04876067,0.6948395,0,0.01422186,52.08451421
03348000,25.02836,0,0,0,30.31439,0,0,0,0,0,1.668112,0.08041157,0.004961565,0.1489325,0.2594556,0.005132653,0,0.01899082,0.3555218,0,0.1928167269,41.92290959
03348020,34.02148,0,0,0,29.83097,0,0,0,0,0,0.61216,0,0,0.04014164,0.1089559,0,0,0.00573452,0.1921064,0,0,35.18845407
03348100,26.64316,0,0,0,28.37199,0,0,0,0,0,0.409422,0.009184618,0.001413018,0.07312369,0.2727125,0,0,0.008478109,0.4949096,0,0.014836694,43.700759995
03348130,24.89358,0,0,0,29.33314,0,0,0,0,0,1.393785,0.06519058,0.004377467,0.1316607,0.2581359,0.003906047,0,0.01703845,0.3739704,0,0.1559725126,43.369242646
03348350,31.15553,0,0,0,38.37738,0,0,0,0,0,0.7701906,0.09988505,0.003688063,0.0866695,0.1527473,0,0,0.003688063,0.408453,0,0.103880459,28.83789124
03348500,28.0318,0,0,0,32.79212,0,0,0,0,0,1.205702,0.06941193,0.003317327,0.1342888,0.2296934,0.002435506,0,0.01213554,0.3733883,0,0.1589377859,36.986772294
03349000,27.94943,0,0,0,32.53722,0,0,0,0,0,1.179337,0.06777094,0.003134152,0.1365595,0.2289152,0.002401493,0,0.01127481,0.3789068,0,0.1535327431,37.351523989
03349210,38.36724,0,0,0,44.70608,0,0,0,0,0,0.3504463,0.2631556,0.001711581,0.06974694,0.0919975,0.02096687,0,0.001711581,0.1536144,0,0.123233857,15.850098648
03349500,38.49037,0,0,0,42.3216,0,0,0,0,0,0.9984104,0.1828824,0.00106327,0.08559322,0.09569429,0.01302506,0,0.00106327,0.1552374,0,0.084529955,17.57053357
03349510,38.57597,0,0,0,42.22567,0,0,0,0,0,0.9959536,0.1824324,0.001060653,0.0853826,0.09545881,0.01299301,0,0.001060653,0.1548554,0,0.084321953,17.58483843
03349700,39.96971,0,0,0,34.48691,0,0,0,0,0,1.652068,0.2245779,0.003441808,0.2942745,0.3243904,0,0,0.007744067,0.3923661,0,0.139393205,22.505119908
03350100,30.75343,0,0,0,25.38432,0,0,0,0,0,0.9912481,0.02283105,0,0.2416286,0.3063166,0,0,0,0.8885084,0,0.0152207,41.3964972
03350500,36.28573,0,0,0,36.15933,0,0,0,0,0,1.270119,0.190227,0.001257699,0.1583129,0.1619288,0.007860621,0,0.002200974,0.2683616,0,0.1094198567,25.3852509249
03350700,30.17408,0,0,0,33.32112,0,0,0,0,0,0.4872917,0.006786793,0.002714717,0.1031592,0.1649191,0,0,0.00950151,0.4642166,0,0.069903967,35.19631189
03350800,29.0142,0,0,0,33.03243,0,0,0,0,0,1.173309,0.0880792,0.002761856,0.1327492,0.2094508,0.003002018,0,0.009816598,0.3623736,0,0.1340100784,35.83781878
03351000,28.0145,0,0,0,31.40345,0,0,0,0,0,1.109856,0.08390211,0.002827513,0.1321141,0.2013881,0.002971773,0,0.008424833,0.3667111,0,0.1316235958,38.542228827
03351072,4.917542,0,0,0,5.698274,0,0,0,0,0,0.3037368,0.004277983,0,0.03422387,0.1368955,0,0,0,0.2759299,0,0.07058673,88.558537502
03351310,0.2009286,0,0,0,0.575475,0,0,0,0,0,0.07022746,0.003901525,0,0,0.0156061,0.01950763,0,0,0.115095,0,0.01170458,98.987563141
03351400,26.55107,0,0,0,37.74212,0,0,0,0,0,1.266679,1.229785,0,0.1352764,0.6886798,0,0,0,0.2705528,0,0.3935313,31.72231253
03351500,24.74038,0,0,0,30.10746,0,0,0,0,0,1.28433,0.2175725,0.01087862,0.2079993,0.3119989,0,0,0.01087862,0.6002824,0,0.07549764,42.4327232798
03352500,20.15541,0,0,0,25.36075,0,0,0,0,0,1.020393,0.1250578,0.005944035,0.1286709,0.2088571,0,0,0.01736591,0.4602548,0,0.0650347365,52.4522694127
03352988,0,0,0,0,0,0,0,0,0,0,0,0,0,0,0,0,0,0,0.01439937,0,0,99.98560365
03353000,24.38833,0,0,0,27.87332,0,0,0,0,0,1.021239,0.08479715,0.003057283,0.1193614,0.1883838,0.002356656,0,0.01044572,0.3600376,0,0.1108689878,45.837811404
03353120,0.008465967,0,0,0,0.0253979,0,0,0,0,0,0.008465967,0,0,0,0.008465967,0,0,0,0,0,0,99.94919497
03353160,0.006205206,0,0,0,0.01861562,0,0,0,0,0,0.006205206,0,0,0,0.006205206,0,0,0,0,0,0,99.96276446
03353180,0.02068894,0,0,0,0,0,0,0,0,0,0,0,0,0,0,0,0,0,0,0,0,99.97932086
03353200,27.34909,0,0,0,26.69149,0,0,0,0,0,0.8429514,0.3411242,0,0.2629088,0.260937,0.002629088,0,0.001971816,0.6776475,0,0.257321985,43.311931104
03353451,22.6531,0,0,0,22.69789,0,0,0,0,0,0.5991681,0.2438674,0,0.2273667,0.233367,0.006857432,0,0.004714484,0.5927393,0,0.274725921,52.46620549
03353460,22.81864,0,0,0,22.61857,0,0,0,0,0,0.5978804,0.2406389,0,0.220037,0.2380902,0.005946945,0,0.003823036,0.5825882,0,0.284179035,52.38961341
03353500,21.20433,0,0,0,21.23487,0,0,0,0,0,0.5587807,0.2275036,0,0.211738,0.2213171,0.006386065,0,0.00439042,0.5649672,0,0.2566399944,55.50908509
03353600,0.458917,0,0,0,0.09914874,0,0,0,0,0,0.02549539,0.005665642,0,0.007082053,0.008498463,0.005665642,0,0,0.05099078,0,0.005665642,99.332873935
03353611,23.26206,0,0,0.0002594111,26.30019,0,0,0,0,0,0.943645,0.09520388,0.002668228,0.1239244,0.1856272,0.002723817,0,0.009524094,0.3673446,0,0.1212932183,48.585537585
03353620,2.872565,0,0,0,2.226238,0,0,0,0,0,0.122779,0,0.009266337,0.1204624,0.1250956,0,0,0.009266337,0.06486437,0,0.009266337,94.440202037
03353637,1.070577,0,0,0,1.702824,0,0,0,0,0,0.004039914,0,0,0.008079829,0.08079829,0,0,0,0.03433927,0,0.03029936,97.069043058
03353700,27.65947,0,0,0,34.94411,0,0,0,0,0,1.055117,0.03613413,0,1.218925,0.2360763,0,0,0.004817884,0.1674215,0,0.031316248,34.646610362
03353800,20.369,0,0,0.02358054,21.01354,0,0,0,0,0,0.6900584,0.3396253,0,0.3373328,0.2582397,0.001965045,0,0.007368919,0.2064935,0,0.1979783228,56.554814709
03354000,21.27534,0,0,0.01489894,23.46283,0,0,0.0004553639,0,0,0.7971857,0.1412198,0.002162979,0.1333078,0.1816902,0.00234797,0,0.008637684,0.315368,0,0.12616427668,53.53839162549
03357000,18.7581,0,0,0.01225078,20.32191,0,0,0.0004188301,0,0,0.6796566,0.1520586,0.001768394,0.1197854,0.1943256,0.001919638,0,0.007341161,0.2792434,0,0.10352084411,59.3677074568
03357500,24.61585,0,0,0.002546325,25.02984,0,0,0.0008487749,0,0,0.3382368,0.158827,0,0.3227466,0.2774433,0,0,0.0008487749,0.1968097,0,0.0621727573,48.9938268874
03358000,29.99293,0,0,0.007244565,28.22525,0,0,0.003409207,0,0,1.03924,1.551615,0,0.1933305,0.2787027,0.0005682012,0,0.001704604,0.1208848,0,0.0082389176,38.576880333
03359000,25.78814,0,0,0.00626092,24.4789,0,0,0.002598872,0,0,0.8755837,1.310659,0,0.1625476,0.2792606,0.0004725223,0,0.002362611,0.142938,0,0.0098048373,46.940473565
03360000,21.7631,0,0,0.003472257,22.13246,0,0,0.001506039,0,0,0.537656,0.5980231,0.0001673377,0.1914343,0.2616325,0.0001673377,0,0.001589708,0.1708936,0,0.02920042595,54.3086849911
03360500,17.975,0,0,0.008748971,19.51299,0,0,0.0005338355,0,0,0.5700844,0.2751551,0.001275274,0.1150045,0.2395661,0.001267859,6.672944e-05,0.006435683,0.2479295,0,0.07289078938,60.973050754
03361000,25.80536,0,0,0,25.76927,0,0,0,0,0,1.240242,0.4048499,0.002644843,0.1084386,0.3396734,0.006801025,0,0.01360205,0.4630364,0,0.018136063,45.827952661
03361500,31.02257,0,0,0,29.80884,0,0,0,0,0,1.147553,0.4325037,0.0013234,0.1674928,0.3741087,0.00297765,0,0.007444126,0.3107509,0,0.013482135,36.7109603601
03361650,33.09099,0,0,0,34.90765,0,0,0,0,0,1.372671,0.07177848,0,0.2223653,0.2253252,0,0,0.0007399843,0.2608445,0,0.02071956,29.826920671
03361850,19.21494,0,0,0,21.31262,0,0,0,0,0,1.408898,0.3468193,0.003529967,0.1134002,0.157966,0,0,0.007059935,0.2201817,0,0.08869043,57.125905415
03362000,28.75922,0,0,0,24.10955,0,0,0.1371922,0,0,0.3780562,0.8946868,0,0.1834989,0.1852268,0,0,0.0006911447,0.07084233,0,0.0152051827,45.265826691
03362500,29.74508,0,0,0,28.60624,0,0,0.03027185,0,0,1.096047,0.8268414,0.0005892331,0.2516025,0.1676368,0.0001473083,0,0.001620391,0.1500335,0,0.0581867673,39.06571534
03363000,30.58193,0,0,0,29.72388,0,0,0.01379732,0,0,1.118664,0.6568637,0.0009831816,0.1996842,0.2487122,0.001245363,0,0.004293227,0.2078118,0,0.0354600861,37.206672474
03363500,37.20839,0,0,0.0006993838,34.56506,0,0,0.0004662559,0,0,1.012008,0.4129862,0.0004662559,0.2686799,0.4779123,0.002331279,0,0.00116564,0.145705,0,0.03578514,25.8683437098
03363900,37.42944,0,0,0.0003897304,34.50919,0,0,0.0007794607,0,0,0.7593896,1.036618,0.003702438,0.1674541,0.2997676,0.001818742,0,0.004222079,0.09931628,0,0.022929136,25.664977489
03364000,31.24737,0,0,0.0002444106,29.68243,0,0,0.008819151,0,0,0.9422438,0.7548012,0.001771977,0.1792345,0.252191,0.001384994,0,0.004154981,0.1671361,0,0.02924780362,36.7289748506
03364200,34.06154,0,0,0,37.89948,0,0,0,0,0,0.6017421,2.299829,0.002935327,0.1430972,0.1034703,0,0,0,0.05210206,0,0.002935327,24.832869837
03365000,25.17966,0,0,0.0008991451,22.10818,0,0,0.0002247863,0,0,0.6386178,0.9753477,0.0002247863,0.1359957,0.2360256,0.005394871,0,0.006743588,0.1344222,0,0.003147008,50.57512265
03365500,30.79289,0,0,0.0002376569,29.02755,0,0,0.006461298,0,0,0.8293632,0.9452061,0.001425941,0.1633446,0.2377015,0.001574477,0,0.004366946,0.1614136,0,0.02394393408,37.804519834
03369000,18.66782,0,0,0,19.64619,0,0,0,0,0,0.5201234,1.205667,0,0.05904979,0.2264923,0,0,0.02022253,0.200203,0,0.01375132,59.4404901422
03369500,15.3101,0,0,0,16.72646,0,0,0,0,0,0.2470108,0.7997105,0,0.05428614,0.1918462,0,0,0.008784166,0.1459928,0,0.02687955,66.488938688
03371500,23.67337,0,0,0.0001262367,23.46261,0,0,0.003958421,0,0,0.5341614,0.8312233,0.0009107073,0.1107817,0.2647183,0.001063995,0,0.004183843,0.1588418,0,0.01716818563,50.936892408
03373500,18.99701,0,0,0.0001552785,18.89519,0,0,0.003098511,0,0,0.419633,0.6732027,0.0007128693,0.09032971,0.3274964,0.0008328572,1.411622e-05,0.00441132,0.1783303,0,0.01393271217,60.395656914
03373980,18.6655,0,0,0.005630183,18.70231,0,0,0.001578702,0,0,0.4323143,0.5901345,0.001025375,0.09405939,0.2879896,0.00087532,0.0002157039,0.007333931,0.2146253,0,0.057849274953,60.9385643173
03374000,18.6636,0,0,0.005626464,18.69911,0,0,0.001577659,0,0,0.4320506,0.5910942,0.001024697,0.09399725,0.2878306,0.0008747417,0.0002155613,0.007354078,0.2145023,0,0.057811052257,60.9433268926
04072150,19.5562,0,0,0,13.26596,0,0,0.004488676,0,0,4.139842,0,0.2792597,10.30087,0.6098186,0.06444456,0,0.003206197,3.21293,0,0.137545848,48.425441608
04072845,11.85887,0,0,0,2.931768,0,0,0.007470153,0,0.001067165,0.5431868,0.003201494,0.08110452,6.491296,1.134396,0.4111252,0.04882278,0.003201494,3.073434,0,0.3969852824,73.014070646
04073468,28.99232,0,0,0,14.21839,0,0,0.00722265,0,0,2.928785,0,0.3388627,2.136701,1.244102,0.3972458,0,0.01203775,3.658874,0,7.054121725,39.01133431
04073473,24.31607,0,0,0,9.729732,0,0,0.009718393,0,0,2.973504,0,0.2141286,2.183075,0.9323179,0.5043846,0.001295786,0.01554943,3.530044,0,5.622739489,49.96745042
04073500,15.14332,0,0,0.0006849414,5.20545,0.000263439,0,0.002423639,0,0.005532219,1.284713,0.0006322537,0.08648703,2.924884,1.105232,0.4055644,0.1333528,0.01583268,4.926415,0,1.6470206815,67.11218682
04077630,4.487435,0,0,0.001172649,0.5435229,0.0005863245,0,0.07768801,0,0.01641709,0.3283418,0,0.247429,4.110428,3.164687,0.04309485,0.1764837,0.007035895,0.5279853,0,0.160066623,86.107619886
04078500,8.638824,0,0,0.0009126836,1.0463,0,0,0.01168235,0,0.006753858,0.2169449,0,0.2292661,6.351091,2.061205,0.04408262,0.06160614,0.01003952,0.5129282,0,0.0972920592,80.7110660358
04079000,8.55589,0,0,0.0004026184,3.31612,3.097065e-05,0,0.01760681,0,0.003437742,0.6864799,0.0001548532,0.2519462,4.210104,1.465531,0.05323855,0.03792356,0.01390582,1.067636,0,0.18393468855,80.13565381
04080000,11.31088,0,0,0.001753761,2.171494,0,0,0.006205617,0,0.0006745235,0.6125348,0.0006745235,0.09888515,6.049194,1.759899,0.0515336,0.2073485,0.005463641,1.733391,0,0.3780029978,75.612063798
04081000,11.45916,0,0,0.001013861,2.962248,0,0,0.009124747,0,0.001520791,0.7649579,0,0.2163325,7.585073,3.391491,0.8385895,0.4089661,0.01533464,2.675071,0,1.8288776587,67.84224073
04082400,11.63743,0,0,0.000588355,4.294919,0.0001307456,0,0.009407143,0,0.002987536,1.18781,0.0003137893,0.1730091,4.210144,1.4359,0.184227,0.09395376,0.01321184,2.927694,0,0.73583597242,73.09243446
04083545,22.07542,0,0,0.0008173056,12.73546,0,0,0.01266824,0,0,3.354222,0.004086528,0.4280638,3.622911,1.728193,0.1078843,0.001838938,0.01879803,6.434647,0,2.4815438372,46.9934319756
04084445,11.64431,0,0,0.0005478821,4.623933,0.0001165707,0,0.008958456,0,0.002710268,1.343611,0.0008043376,0.176826,4.117614,1.377207,0.1709684,0.08391339,0.0130326,2.950858,0,0.74556263874,72.73901889
04084500,11.67999,0,0,0.0005832753,4.652527,0.0001386001,0,0.008714479,0,0.002760452,1.363109,0.0008027254,0.1792272,4.145973,1.369132,0.1711422,0.08229379,0.01324208,2.937842,0,0.74181075967,72.6507664
040851325,18.66381,0,0,0,6.051115,0,0,0.01384299,0,0,5.082106,0,0.9170978,10.47741,1.190497,0.07613643,0,0.01038224,1.261442,0,0.24225228,56.013910925
040851385,11.95803,0,0,0.0005142926,4.685922,0.0001094239,0,0.008693732,0,0.002587876,1.510964,0.0009629307,0.1897411,4.622762,1.329993,0.1674077,0.07885636,0.01245244,2.81416,0,0.70763911373,71.90920479
04085427,19.20707,0,0,0,8.057065,0.0006695251,0,0.01031069,0,0.001205145,4.29969,0.00107124,0.6910169,12.04141,1.074588,0.2254961,0,0.004954486,1.674951,0,0.585365817,52.125141195
04086000,16.30857,0,0,0.008178654,9.244415,0.0003271462,0,0.01660267,0,0.001145012,3.197854,0.0001635731,0.6733486,6.680407,1.946683,0.1612013,0,0.02322738,2.797918,0,0.7249559117,58.215013447
04086500,11.38531,0,0,0,7.703075,0,0,0.01393906,0,0,2.709405,0,0.4123639,2.539814,1.291106,0.06359698,0,0.03629964,2.901067,0,0.604606887,70.33941569
04086600,12.78597,0,0,0.0002308552,6.404846,0,0,0.02100782,0,0,1.934855,0.0001154276,0.5533022,4.768083,1.761944,0.03751397,0,0.0351477,2.862489,0,0.5089780038,68.32550572
04087000,11.46989,0,0,0.0001994218,5.821221,0,0,0.01884536,0,0,1.858412,9.971089e-05,0.4935689,4.225448,1.578623,0.04546817,0,0.03265532,2.750924,0,0.4786122633,71.22602971
04087030,7.262295,0,0,0,7.696721,0,0,0,0,0,2.290984,0,0.2028688,0.4559426,0.7909836,0.06762295,0,0.0204918,2.273566,0,1.2817623,77.65676196
04087050,11.32611,0,0,0,12.11426,0,0,0,0,0,3.957464,0,0.2627189,2.34362,1.572143,0.1834862,0,0.01668057,1.7598,0,1.08840704,65.375314345
04087070,6.669104,0,0,0,6.855372,0,0,0,0,0,2.099436,0,0.1218578,1.060163,0.7746675,0.1357844,0,0.01392661,1.347399,0,0.619734006,80.302555842
04087088,0.2853782,0,0,0,0.1291915,0,0,0,0,0,0.09641156,0,0,0.1349762,0.08484218,0,0,0.003856462,0.1542585,0,0.053990477,99.057096415
04087119,0.01304802,0,0,0,0,0,0,0,0,0,0.02609603,0,0,0,0.02609603,0,0,0,0,0,0.01957203,99.91518922
04087120,3.425042,0,0,0,3.36356,0,0,0,0,0,1.461538,0,0.08562605,0.3862998,0.4486244,0.08927569,0,0.01179113,1.045199,0,0.562885996,89.120156553
04087142,3.054322,0,0,0,2.998511,0,0,0,0,0,1.304419,0,0.07633301,0.3458761,0.400936,0.08058764,0,0.01051143,0.9317633,0,0.505800006,90.290933405
04087159,0,0,0,0,0,0,0,0,0,0,0.007513007,0,0,0,0.003756503,0,0,0,0,0,0.01126951,99.977447437
04087170,9.691889,0,0,7.963688e-05,5.170624,0,0,0.01560883,0,0,1.693279,0.0001592738,0.4141118,3.427572,1.331887,0.05076852,0,0.02858964,2.361751,0,0.46543779606,75.34823868
04087204,2.504682,0,0,0,1.196427,0,0,0,0,0,0.9525606,0.04580914,0.1630266,0.152248,0.4446181,0.03772517,0,0.05524043,1.494186,0,0.33817919,92.61529668
04087214,0.06388027,0,0,0,0.01825151,0,0,0,0,0,0.06388027,0,0,0.05475452,0.03650301,0,0,0.009125753,0.09125753,0,0.009125753,99.653214438
04087220,1.27227,0,0,0,1.135278,0,0,0,0,0,0.4664756,0.01756309,0.01826561,0.2873321,0.1938965,0.01615804,0,0.009835329,0.6821503,0,0.155960206,95.74481263
04087240,13.7011,0,0,0,13.14416,0.0007325712,0,0.002197714,0,0,4.833138,0.006959427,0.1119003,1.16314,1.234016,0.2595133,0,0.01373571,1.50635,0,1.8418670086,62.181205957
04087257,15.33126,0,0,0,17.33414,0,0,0,0,0,6.519685,0,0.01651482,0.3101117,0.3385538,0.6349031,0,0.02293725,0.7550943,0,5.726055721,53.01074702
04093000,9.047552,0,0,0,10.37509,0,0,0,0,0,0.5711881,0,0,0.1127788,0.04264273,0,0,0.01234395,0.1197924,0,0.00392762,79.714680031
04094000,8.710385,0,0,0,10.06115,0,0,0,0,0,0.4191495,0.01563991,0,0.0119906,0.0104266,0,0,0.003127981,0.2278213,0,0,80.540308596
04094500,5.977521,0,0,0,6.816242,0,0,0,0,0,0.2791042,0.0009381655,0,0.01970148,0.01125799,0,0,0.01782515,0.1712152,0,0.0046908275,86.70151357
04095300,6.116529,0,0,0,6.844348,0,0,0,0,0,0.1800122,0.004532681,0,0.08806351,0.1139645,0,0,0.01230299,0.1282101,0,0.005180206,86.506851117
04096015,23.01786,0,0,0.001869168,19.42159,0,0,0,0,0,2.448142,0,0.001869168,1.339259,0.0009345838,0.003738335,0.001869168,0.03644877,0.009345838,0,0.650470327,53.066606021
04096100,14.22415,0,0,0,7.134602,0,0,0,0,0,0.03917958,0,0,0,0.03330264,0,0,0,0.1625953,0,0.019589786,78.386589352
04096400,22.38594,0,0,0.0006854185,18.72735,0,0,0.003769802,0,0,2.269764,0.001370837,0.05774651,3.212043,0,0.008910442,0.0001713546,0.02450371,0,0,0.0613449629,53.24640755
04096405,22.34309,0,0,0.0006725289,18.8224,0,0,0.003698909,0,0,2.26037,0.001345058,0.05666056,3.251173,0,0.008742875,0.0001681322,0.02471544,0,0,0.0612001276,53.16576304
04096515,24.05576,0,0,0.07819775,23.6079,0.00568711,0,0.002843555,0,0,2.294038,0,0.06469087,2.225792,0,0.001421777,0.002843555,0.02985732,0,0,0.015639552,47.61532501
04096600,25.24512,0,0,0.01965788,20.6419,0.001008096,0,0.001764168,0,0,2.404184,0.008568819,0.03641748,3.191129,0.00126012,0.1115206,0.04423022,0.05166493,0.0007560722,0,0.0830419341,48.157767044
04097500,25.51491,0,0,0.005969089,18.79056,0.0002085271,0,0.001251163,0,0,2.213437,0.003388566,0.0258313,2.515254,0.0002606589,0.3567117,0.3131557,0.05257491,0.0001563954,0,0.2628484918,49.94347178
04097540,27.1491,0,0,0.003490797,23.89044,0,0,0,0,0,1.902485,0.001163599,0.03141718,1.624094,0.005527096,0.2010117,0.6236891,0.04596217,0.05498006,0,0.078542945,44.388104017
04099000,25.6151,0,0,0.004478603,18.47422,0.0001474437,0,0.0008662319,0,0,2.10041,0.01081868,0.02338826,2.220761,0.01338052,0.3334071,0.4916695,0.0691511,0.02893583,0,0.2374397264,50.37589064
04099510,18.21119,0,0,0,14.81204,0,0,0.001977972,0,0,0.8139355,0,0.009230535,0.1582378,0.2310931,0.00329662,0,0.01087885,1.150191,0,0.009230535,64.588693638
04099750,18.22695,0,0,0,14.31181,0,0,0.0009655791,0,0,1.121423,0.001062137,0.01332499,0.3720376,0.1520787,0.07106662,0,0.005214127,0.8495165,0,0.0164148423,64.858139112
04099808,11.76124,0,0,0.001421126,7.287888,0,0,0,0,0,0.7706054,0.00497394,0.0003552814,0.5002363,0.1488629,0.001421126,0,0.002131689,0.1026763,0,0.004263377,79.413925004
04099850,14.59485,0,0,0,9.749911,0,0,0,0,0,0.1090539,0,0,0.4313144,0.2058546,0,0,0.01715455,0.1384617,0,0.0098026,74.74360435
04100222,16.10996,0,0,0,15.41984,0,0,0,0,0,0.9409814,0.03038561,0,0.641744,0.2875694,0.0009723394,0,0.0009723394,0.7397072,0,0.03719198,65.7906737664
04100252,13.19442,0,0,0,13.82789,0,0,0,0,0,0.7384604,0,0,0.4751059,0.3380903,0,0,0.007117691,3.735008,0,0,67.6838951
04100295,25.39432,0,0,0,19.32071,0,0,0,0,0,2.138503,0.006450989,0,0.5193046,0.7450892,0.01290198,0,0,2.073993,0,0.02580396,49.76292944
04100500,24.61216,0,0,0,19.87462,0,0,0,0,0,0.962287,0.01722161,0.003007884,0.5249053,0.3516276,0.00690044,0,0.008315915,1.032707,0,0.0468286322,52.559412807
04101000,23.09537,0,0,0.002654669,16.98174,8.231531e-05,0,0.0005556283,0,0,1.574311,0.009908705,0.01621612,1.491903,0.1022356,0.2127954,0.2877229,0.0485043,0.3023338,0,0.15510261385,55.71856732
04101370,13.57088,0,0,0,6.082314,0,0,0,0,0,0.1589763,0.00196267,0,0.1668269,0.00588801,0.04416008,0.00196267,0.3218779,0.03532806,0,0.197248335,79.412577501
